528, 3
1, -1.47923, -2.86066
2, -1.12193, -2.71329
3, -2.51456, 1.21813
4, -1.73398, 2.23437
5, -0.352727, 2.25228
6, -0.344655, 2.12399
7, 2.27303, 1.13643
8, 2.81699, 0.0618784
9, 1.77514, -1.66039
10, 0.76211, -2.79515
11, -0.0926839, 0.127239
12, -1.26965, -3.07475
13, -1.17804, -2.69716
14, -2.5098, 1.25261
15, -1.79706, 2.3314
16, -0.175814, 2.16051
17, -0.203277, 2.18621
18, 1.99962, 1.25859
19, 2.84344, 0.149361
20, 1.56007, -1.44979
21, 0.748513, -2.79732
22, -0.101892, 0.226525
23, -1.23144, -3.14488
24, -0.981552, -2.67387
25, -2.53316, 1.12924
26, -1.74216, 2.16312
27, -0.280092, 1.92523
28, -0.159424, 2.23912
29, 1.72212, 1.38111
30, 2.95713, 0.367421
31, 1.65411, -1.66413
32, 0.765537, -2.85193
33, -0.18483, 0.28109
34, -1.19442, -3.16002
35, -0.875211, -2.61707
36, -2.56321, 1.08194
37, -1.78986, 2.06866
38, -0.478802, 1.4844
39, -0.195666, 2.25146
40, 1.65689, 1.22274
41, 2.39629, 0.610241
42, 1.51086, -1.79446
43, 0.587636, -2.68336
44, -0.287901, 0.489526
45, -1.21149, -3.16171
46, -0.86948, -2.43245
47, -2.54771, 0.82061
48, -1.86945, 2.04631
49, -0.717908, 1.07685
50, -0.128924, 2.10613
51, 1.63924, 1.21107
52, 3.29678, 0.391777
53, 1.27177, -1.6936
54, 0.618888, -2.66393
55, -0.40184, 0.892358
56, -1.33629, -3.22379
57, -0.898541, -2.38206
58, -2.41222, 0.543698
59, -1.88998, 1.8431
60, -0.726883, 0.541368
61, 0.0303497, 2.00395
62, 1.59786, 1.11005
63, 3.39041, 0.44618
64, 1.0686, -2.0959
65, 0.808784, -2.82391
66, -0.506789, 0.828751
67, -0.514249, -5.204
68, -1.67229, 0.0724893
69, -2.73978, 0.632324
70, -2.45955, 2.42332
71, 0.665212, 2.23953
72, -1.16701, 1.61691
73, 1.94687, 1.7127
74, 3.76291, 1.08006
75, 3.59515, -0.434789
76, 3.09528, -2.54717
77, -0.271418, -0.140832
78, -0.30131, -5.44235
79, -1.57552, -0.542879
80, -2.65685, 0.72052
81, -2.32175, 2.24606
82, 0.997308, 2.13708
83, -0.812185, 1.47561
84, 1.87733, 1.97736
85, 4.14552, 0.929192
86, 3.56071, -0.365612
87, 3.37483, -2.38447
88, -0.429942, -0.070307
89, -0.277773, -5.1951
90, -1.55039, -1.11428
91, -2.63157, 0.380877
92, -2.29965, 2.33177
93, 1.00127, 2.19453
94, -1.12162, 1.70168
95, 2.07769, 1.97903
96, 4.37515, 0.779807
97, 3.2053, 0.0398333
98, 3.43314, -2.22191
99, -0.35189, 0.0156413
100, -0.955053, -4.61222
101, -1.66037, -1.22002
102, -2.68897, 0.526668
103, -2.40718, 2.35267
104, 1.05545, 2.25724
105, -1.01983, 1.88028
106, 2.1029, 1.91006
107, 4.09916, 1.02221
108, 3.35235, 0.324406
109, 3.50422, -1.98812
110, -0.180742, -0.00285625
111, -1.98447, -3.93409
112, -1.53829, -1.79926
113, -2.58053, 0.755063
114, -2.4655, 2.21152
115, 0.901363, 2.22077
116, -0.615179, 1.62713
117, 1.90728, 1.9913
118, 4.14991, 1.24417
119, 3.82574, 0.0578754
120, 3.86914, -1.8878
121, -0.167132, 0.0263775
122, -2.50626, -3.77712
123, -1.04691, -2.97327
124, -2.41182, 1.09788
125, -2.49272, 2.23431
126, 0.656367, 2.41496
127, -0.259715, 1.5034
128, 2.04545, 2.06733
129, 4.60714, 1.26018
130, 3.97934, -0.735125
131, 4.09634, -1.80255
132, -0.194835, -0.136307
133, -4.27161, -0.334908
134, -2.18267, 0.18077
135, -1.79988, -0.643973
136, -0.732584, 1.09387
137, 0.956274, 1.13315
138, 0.0698511, 1.2137
139, 1.72085, 1.54802
140, 3.69473, 1.71723
141, 0.863972, 0.660771
142, 3.42074, -1.27497
143, 1.14392, -0.975181
144, -4.45395, -0.619469
145, -2.27017, 0.362172
146, -1.96418, 0.092126
147, -0.868768, 1.29653
148, 0.823907, 1.27877
149, 0.390243, 1.06572
150, 1.27527, 1.28193
151, 3.85849, 1.67937
152, 0.448815, -0.0678745
153, 3.17248, -1.3783
154, 0.444171, -0.789029
155, -4.3589, -0.982196
156, -2.16522, 0.508119
157, -2.16858, 0.350465
158, -1.02919, 1.57603
159, 0.618674, 1.39755
160, 0.222475, 1.27844
161, 0.422161, 0.892116
162, 3.96047, 1.59421
163, 0.985762, -0.421986
164, 3.14542, -1.46065
165, -0.108534, -0.396538
166, -4.0988, -1.1837
167, -2.08122, 0.371073
168, -2.05808, 0.321151
169, -1.08158, 1.60033
170, 0.45171, 1.42456
171, -0.271353, 1.45104
172, 0.545351, 0.744944
173, 3.67402, 1.27081
174, 1.82737, -0.918606
175, 3.11759, -1.65386
176, 0.133117, -0.129939
177, -3.8238, -1.20008
178, -1.87452, -0.506072
179, -1.73939, -0.146178
180, -1.20992, 1.56411
181, 0.294775, 1.19786
182, -0.386039, 1.25761
183, 1.01482, 0.821805
184, 3.71162, 1.13486
185, 2.15749, -1.32616
186, 2.88454, -1.73609
187, 0.371792, -0.0296037
188, -3.61378, -0.991295
189, -1.59487, -1.51289
190, -1.63971, -1.02859
191, -1.29704, 1.36976
192, -0.0262702, 0.950638
193, -0.640177, 1.21312
194, 1.04689, 1.0805
195, 3.38636, 1.4933
196, 2.20377, -1.7243
197, 2.99646, -1.62937
198, 0.297431, 0.0770639
199, -2.10379, -1.55243
200, -1.85093, -0.0626545
201, -2.63078, 0.416781
202, -1.79428, 1.7929
203, 1.04201, 2.25307
204, 0.162894, 1.47329
205, 1.70805, 1.1858
206, 1.41085, 0.0730418
207, 2.07589, 0.102946
208, 1.43825, -2.45228
209, -0.677648, 0.524408
210, -2.1845, -1.58865
211, -1.90926, 0.26897
212, -2.40526, 0.244553
213, -1.76373, 1.83896
214, 0.917391, 2.14826
215, 0.344383, 1.27308
216, 1.3188, 0.981438
217, 1.01789, 0.236854
218, 1.64487, -0.0279426
219, 1.7959, -2.77529
220, -0.400275, 0.521907
221, -2.16253, -1.99198
222, -1.99449, 0.258305
223, -2.4311, 0.309327
224, -1.84731, 1.77248
225, 0.367719, 2.20683
226, 0.287368, 1.25708
227, 0.338152, 0.662273
228, 0.828653, 0.426003
229, 1.14353, -0.29268
230, 2.09638, -3.25103
231, -0.380112, 0.450669
232, -2.10478, -2.48226
233, -1.89563, 0.0993735
234, -2.55234, 0.379386
235, -1.98095, 1.73046
236, -0.114987, 2.31054
237, 0.103978, 1.37056
238, -0.514843, 0.381489
239, 0.809283, 0.382082
240, 1.28339, -0.426582
241, 2.19911, -3.45374
242, -0.278934, 0.18463
243, -1.98235, -2.77501
244, -1.95916, 0.0170506
245, -2.44868, -0.0104111
246, -1.98947, 1.85272
247, -0.0152715, 2.37635
248, -0.254121, 1.10347
249, -1.04719, 0.295076
250, 0.732371, 0.536127
251, 1.08714, -0.501392
252, 2.30043, -3.45412
253, -0.0286446, -0.173685
254, -1.82078, -3.10219
255, -2.03497, -0.0228606
256, -2.28054, -0.0843216
257, -1.92052, 1.7792
258, -0.00832249, 2.38606
259, -0.526921, 0.511456
260, -0.785455, 0.450232
261, 0.588373, 0.610325
262, 0.838232, -0.963364
263, 2.68499, -3.55348
264, 0.197884, -0.482322
265, -4.16572, -3.76749
266, -3.60955, -1.27949
267, -3.5313, 0.694108
268, -3.63981, 3.13645
269, -0.0616798, 1.93242
270, -1.13289, 1.65916
271, 2.04874, 1.09687
272, 4.05175, 1.58256
273, 2.0027, -1.76848
274, 1.88201, -2.2396
275, -1.10389, -0.301894
276, -3.74013, -3.9149
277, -3.09263, -1.22723
278, -3.54775, 0.599251
279, -3.60087, 3.09232
280, -0.0579966, 1.56552
281, -1.33751, 1.47842
282, 2.42972, 0.985885
283, 4.30592, 1.66885
284, 1.86214, -1.64306
285, 1.91993, -2.6699
286, -1.35419, -0.0870325
287, -3.403, -3.8445
288, -3.15975, -1.49019
289, -3.65322, 0.738735
290, -3.45979, 2.86595
291, -0.0893987, 1.26148
292, -1.75791, 1.21717
293, 2.78653, 1.07798
294, 4.56503, 1.05881
295, 1.9527, -1.48531
296, 1.67244, -2.85735
297, -1.36552, 0.0161936
298, -3.21204, -3.74418
299, -3.3739, -1.62786
300, -3.22878, 0.667158
301, -3.64636, 2.84617
302, -0.0659244, 1.45267
303, -1.87328, 0.447584
304, 2.94116, 1.58101
305, 4.71189, 0.780881
306, 1.89771, -1.36296
307, 2.19542, -2.90508
308, -1.55748, 0.210333
309, -2.83895, -3.73429
310, -3.13964, -1.18966
311, -1.68132, 0.702291
312, -3.62408, 2.88888
313, -0.112817, 1.47206
314, -1.88395, -0.167507
315, 2.73022, 1.80764
316, 4.42695, 1.21282
317, 1.73238, -1.01946
318, 3.09963, -3.13835
319, -1.76088, 0.342237
320, -2.8821, -3.60506
321, -2.80923, -0.557824
322, -2.14644, 0.296445
323, -3.47135, 2.83894
324, -0.00635766, 1.2479
325, -1.6533, -0.578457
326, 2.02408, 1.33363
327, 4.01188, 1.43135
328, 1.41011, -1.26752
329, 3.71494, -3.27854
330, -2.02762, 0.664482
331, -3.66671, -2.96404
332, -2.21909, -2.39242
333, -3.12332, -0.346029
334, -2.88744, 2.55477
335, 0.433222, 2.1436
336, -0.740833, 1.79413
337, 1.40375, 1.05969
338, 3.60968, 0.499062
339, 2.77927, -2.22194
340, 1.87882, -1.61355
341, 0.113253, -0.995883
342, -3.83449, -2.7775
343, -2.13159, -3.07341
344, -3.04054, -0.643605
345, -2.93244, 2.62117
346, 0.312794, 2.26352
347, -0.743035, 1.64687
348, 1.25117, 0.888978
349, 3.37568, 0.603488
350, 3.09817, -2.14199
351, 2.01769, -1.54864
352, 0.123864, -0.897614
353, -3.91382, -2.68888
354, -1.8443, -3.59466
355, -2.96123, -0.720417
356, -2.87411, 2.50644
357, 0.190567, 2.31311
358, -0.806151, 1.59505
359, 1.3391, 0.539363
360, 3.57905, 0.731597
361, 2.54986, -2.09249
362, 2.48512, -1.29051
363, -0.00675858, -0.740376
364, -3.70394, -2.88975
365, -1.88535, -3.70142
366, -2.78867, -0.655953
367, -2.8129, 2.41916
368, 0.241047, 2.15116
369, -0.840802, 1.29281
370, 1.4483, 0.287205
371, 3.88581, 0.569399
372, 2.20131, -1.98586
373, 2.69739, -0.931452
374, -0.166351, -0.478951
375, -3.48097, -2.89801
376, -1.89782, -3.70845
377, -2.78401, -0.841012
378, -2.67858, 2.29907
379, 0.38495, 2.07213
380, -0.88768, 0.589971
381, 1.33219, 0.140634
382, 3.897, 0.423002
383, 1.85981, -2.41997
384, 2.93754, -0.679951
385, -0.303227, -0.35951
386, -3.3713, -2.82865
387, -1.95877, -3.59275
388, -3.08606, -0.88501
389, -2.40708, 2.06923
390, 0.457018, 2.12375
391, -0.697434, -0.406864
392, 1.1899, 0.0870244
393, 4.25546, 0.203627
394, 1.11458, -2.88395
395, 2.89936, -0.613616
396, -0.340696, -0.347533
397, -3.96319, -3.8592
398, -3.50747, -2.31579
399, -3.91817, 1.31771
400, -2.38167, 3.49884
401, 0.514029, 3.36618
402, -0.155631, 2.85701
403, 1.35788, 2.47245
404, 3.84115, -0.0131876
405, 2.30643, -1.91978
406, 1.99496, -1.46026
407, -1.97134, 1.1765
408, -3.592, -4.14142
409, -3.31751, -2.49045
410, -4.31417, 1.30645
411, -2.35176, 3.45035
412, 0.596841, 3.4693
413, -0.298849, 2.91068
414, 1.35057, 2.69281
415, 3.65063, -0.149699
416, 2.4178, -2.00865
417, 2.09088, -2.20369
418, -1.84963, 1.30471
419, -3.30395, -4.39424
420, -3.22176, -2.52571
421, -4.06903, 1.24895
422, -2.31701, 3.55106
423, 0.673546, 3.51137
424, -0.641186, 2.87084
425, 1.44028, 2.85634
426, 3.42655, -0.352559
427, 1.90349, -2.02465
428, 2.33436, -3.11321
429, -1.79695, 1.614
430, -2.72452, -5.20764
431, -3.06801, -2.3827
432, -3.44707, 1.20476
433, -2.48248, 3.57138
434, 0.659579, 3.61108
435, -1.09541, 2.77232
436, 1.30469, 2.73683
437, 3.13677, -0.54714
438, 1.03517, -1.8847
439, 2.37603, -2.85548
440, -1.70696, 1.63018
441, -1.32376, -6.28524
442, -3.17617, -2.12107
443, -3.73675, 1.04155
444, -2.48338, 3.58526
445, 0.689802, 3.65969
446, -1.58181, 2.24687
447, 1.0268, 2.5448
448, 2.97075, -0.763463
449, 0.411945, -1.75165
450, 2.57076, -2.42226
451, -1.90208, 1.48972
452, -0.202823, -6.33806
453, -3.30499, -1.95027
454, -4.19794, 0.765476
455, -2.40635, 3.42621
456, 0.768532, 3.67949
457, -1.91418, 1.48048
458, 0.732333, 2.03334
459, 3.34242, -0.697087
460, 0.401595, -1.95022
461, 2.73064, -2.74255
462, -2.00492, 1.33522
463, 2.13704, -1.63437
464, -1.39574, -0.482405
465, -2.29386, 0.129326
466, -0.419268, 0.192738
467, -0.762586, 2.20272
468, -0.740861, 1.52539
469, 1.56562, 1.1436
470, 4.3908, 0.345044
471, 2.73594, -0.0212698
472, 3.50708, 0.827787
473, 0.363968, 0.101316
474, 2.43574, -1.80477
475, -0.407468, 0.298719
476, -1.63806, 0.115601
477, -0.288994, -0.178166
478, -0.411588, 1.95484
479, -0.0868625, 1.16393
480, 1.97292, 0.866197
481, 3.95064, -0.381694
482, 2.06424, -0.255115
483, 4.24097, 0.647696
484, 0.290303, 0.0121129
485, 2.30948, -1.41509
486, -0.872243, 0.105725
487, -1.40109, -0.301758
488, -0.414829, -0.515972
489, 0.236766, 1.2732
490, 0.39413, 0.583313
491, 2.15437, 0.521832
492, 3.62993, -0.766933
493, 2.16229, -0.333382
494, 4.52053, 0.368651
495, -0.22793, -0.548387
496, 2.06929, -1.04351
497, -1.5252, -0.663833
498, -1.38643, -0.616772
499, -0.607316, -0.490846
500, 1.02764, 0.571052
501, -0.161768, -0.0527332
502, 1.75525, 0.0172686
503, 3.10359, -0.993376
504, 2.55932, -0.384363
505, 4.42369, 0.585397
506, -0.353875, -1.11052
507, 1.88439, -1.11818
508, -1.25695, -0.961754
509, -0.945731, -0.822457
510, -0.546907, -0.378103
511, 0.52463, 0.133705
512, -0.197516, -0.441108
513, 1.38257, 0.127356
514, 3.54599, -0.927796
515, 2.94356, -0.0436894
516, 3.44845, 0.621465
517, -0.166259, -1.35771
518, 1.46595, -0.9513
519, -0.532027, -0.661463
520, -0.739706, -1.17102
521, -0.540917, -0.454842
522, -0.0422608, 0.239354
523, -0.0711205, -0.805662
524, 1.60834, 0.460236
525, 4.02298, -0.795435
526, 2.32654, -0.263443
527, 3.2068, 0.534887
528, 0.282853, -1.51531
